#Species Biome    t_growth(:,:)  Vcmax^25    H_a      DeltaS     
# Broadleaf
1        1           16 26       78.2        84917    648.2
2        1           14 17       37.8        60176    653.3
3        1           17 19       68.3        67119    633.6 
4        1           14 20       101.9       63750    655.3 
5        1           11 8        33.6        78051    648.2
6        1           20 0        90.4        60790    653.3
7        1           13 18       17.3        -10      -10
8        1           16 18       24.7        -10      -10
9        1           25 18       25.7        -110     -10
10       1           17 19       62.8        70627    648.2
11       1           20 28       27.5        65400    653.3
12       1           16 27       76.3        51778    633.6
13       1           14 18       77.1        72480    655.3
14       1           17 22       62.3        109327   648.2 
15       1           19 19       66.2        75140    653.3
16       1           16 22       86.9        57235    633.6
17       1           16 28       95.1        55729    655.3
18       1           20 29       42.3        57590    655.3
# Conifereous         
19       2           25 28       43.5        60020     648.2
20       2           15 5        64.8        63967     653.3
21       2           21 5        51.8        74919     633.6
22       2           15 5        61.5        77735     655.3
23       2           24 27       92.4        74160     648.2 
24       2           24 14       85.9        64780     653.3
25       2           24 14       99.2        51320     633.6
26       2           14 18       67.3        69830     655.3
27       2           24 14       57.7        61210     655.3
# Herbaceous         
28       3           15 5        157.5       55848    648.2  
29       3           25 5        170.8       63861    653.3
30       3           15 5        187.1       54373    633.6
31       3           25 5        127.1       65493    655.3
32       3           15 5        196.6       63539    648.2 
33       3           25 5        162.1       70729    653.3
34       3           11 8        50.2        70277    633.6
35       3           11 8        77.0        73336    655.3
36       3           11 8        67.8        73544    648.2  
37       3           15 5        130.2       85880    653.3
38       3           25 5       152.8        45371    633.6
39       3           25 5        93.9        69500    655.3
40       3           29 16       90.2        116380   648.2 
41       3           11 8        49.2        59321    653.3
42       3           11 8        53.8        84801    633.6
43       3           11 8        57.2        172838   655.3
44       3           15 5        186.0       64868    648.2  
45       3           25 5        192.6       63980    653.3
46       3           15 5        200.7       67418    633.6
47       3           25 5        165.0       62568    655.3
48       3           15 5        123.1       73018    648.2 
49       3           25 5        128.2       65756    653.3
50       3           13 18       45.7        -10      -10    
51       3           16 18       38.3        -10      -10
52       3           25 18       50.9        -10      -10
53       3           15 5        205.2       83500    633.6 
54       3           25 5        174.4       76322    655.3
